{
 "cells": [
  {
   "cell_type": "markdown",
   "metadata": {},
   "source": [
    "import numpy as np\n",
    "import sympy"
   ]
  },
  {
   "cell_type": "code",
   "execution_count": 136,
   "metadata": {},
   "outputs": [],
   "source": [
    "import numpy as np\n",
    "import sympy as sp"
   ]
  },
  {
   "cell_type": "code",
   "execution_count": 138,
   "metadata": {},
   "outputs": [
    {
     "data": {
      "text/latex": [
       "$\\displaystyle \\left[\\begin{array}{ccccccccccccccccccccccccc}1.93 & -1.05 & 0.7 & -0.26 & 1.44 & 1.4 & -0.64 & 2.14 & -2.07 & -1.59 & -3.42 & -1.22 & 2.06 & 0.53 & 1.15 & -1.15 & -0.23 & -1.11 & -0.59 & 2.32 & -3.58 & 1.24 & 1.82 & 2.65 & -3.67\\\\-0.85 & -2.48 & 2.33 & -2.84 & 0.41 & -0.1 & 3.38 & -2.94 & 1.68 & 2.42 & 1.37 & -1.46 & 1.64 & -0.83 & 2.92 & 1.46 & -2.82 & 2.67 & -2.43 & 0.23 & -1.17 & -1.38 & -3.92 & 0.51 & -0.12\\\\0.45 & 0.37 & 1.08 & -1.68 & 0.71 & 0.61 & 0.75 & 0.49 & -0.35 & 0.44 & -1.97 & 1.13 & 1.31 & 0.45 & 0.28 & -0.01 & -1.79 & 0.58 & -4.69 & 2.75 & -3.29 & -1.98 & 3.54 & -0.74 & 1.55\\end{array}\\right]$"
      ],
      "text/plain": [
       "Matrix([\n",
       "[ 1.93, -1.05,  0.7, -0.26, 1.44,  1.4, -0.64,  2.14, -2.07, -1.59, -3.42, -1.22, 2.06,  0.53, 1.15, -1.15, -0.23, -1.11, -0.59, 2.32, -3.58,  1.24,  1.82,  2.65, -3.67],\n",
       "[-0.85, -2.48, 2.33, -2.84, 0.41, -0.1,  3.38, -2.94,  1.68,  2.42,  1.37, -1.46, 1.64, -0.83, 2.92,  1.46, -2.82,  2.67, -2.43, 0.23, -1.17, -1.38, -3.92,  0.51, -0.12],\n",
       "[ 0.45,  0.37, 1.08, -1.68, 0.71, 0.61,  0.75,  0.49, -0.35,  0.44, -1.97,  1.13, 1.31,  0.45, 0.28, -0.01, -1.79,  0.58, -4.69, 2.75, -3.29, -1.98,  3.54, -0.74,  1.55]])"
      ]
     },
     "execution_count": 138,
     "metadata": {},
     "output_type": "execute_result"
    }
   ],
   "source": [
    "x1 = np.array([1.93, -1.05, 0.7, -0.26, 1.44, 1.40, -0.64, 2.14, -2.07, -1.59, -3.42, -1.22, 2.06, 0.53, 1.15, -1.15, -0.23, -1.11, -0.59, 2.32, -3.58, 1.24, 1.82, 2.65, -3.67])\n",
    "x2 = np.array([-0.85, -2.48, 2.33, -2.84, 0.41, -0.10, 3.38, -2.94, 1.68, 2.42, 1.37, -1.46, 1.64, -0.83, 2.92, 1.46, -2.82, 2.67, -2.43, 0.23, -1.17, -1.38, -3.92, 0.51, -0.12])\n",
    "x3 = np.array([0.45, 0.37, 1.08, -1.68, 0.71, 0.61, 0.75, 0.49, -0.35, 0.44, -1.97, 1.13, 1.31, 0.45, 0.28, -0.01, -1.79, 0.58, -4.69, 2.75,-3.29, -1.98, 3.54, -0.74, 1.55])\n",
    "n = len(x1)\n",
    "Matrix = sp.Matrix([x1,x2,x3])\n",
    "Matrix "
   ]
  },
  {
   "cell_type": "markdown",
   "metadata": {},
   "source": [
    "Составим матрицу ковариации"
   ]
  },
  {
   "cell_type": "code",
   "execution_count": 111,
   "metadata": {},
   "outputs": [
    {
     "data": {
      "text/plain": [
       "1.192136"
      ]
     },
     "execution_count": 111,
     "metadata": {},
     "output_type": "execute_result"
    }
   ],
   "source": [
    "x1x1 = sum(x1*x1)/n\n",
    "x1x2 = sum(x1*x2)/n\n",
    "x1x3 = sum(x1*x3)/n\n",
    "x2x1 = sum(x2*x1)/n\n",
    "x2x2 = sum(x2*x2)/n\n",
    "x2x3 = sum(x2*x3)/n\n",
    "x3x1 = sum(x3*x1)/n\n",
    "x3x2 = sum(x3*x2)/n\n",
    "x3x3 = sum(x3*x3)/n\n",
    "# перемножили векторы и отнормировали \n",
    "x3x1\n"
   ]
  },
  {
   "cell_type": "markdown",
   "metadata": {},
   "source": [
    "Далее из полученных значений составляем матрицу ковариации"
   ]
  },
  {
   "cell_type": "code",
   "execution_count": 112,
   "metadata": {},
   "outputs": [
    {
     "data": {
      "text/plain": [
       "array([[ 3.469936, -0.53986 ,  1.192136],\n",
       "       [-0.53986 ,  4.291624,  0.671404],\n",
       "       [ 1.192136,  0.671404,  3.072132]])"
      ]
     },
     "execution_count": 112,
     "metadata": {},
     "output_type": "execute_result"
    }
   ],
   "source": [
    "matrix = np.array ([[x1x1, x1x2, x1x3],[x2x1, x2x2, x2x3], [x3x1, x3x2, x3x3]])\n",
    "matrix "
   ]
  },
  {
   "cell_type": "markdown",
   "metadata": {},
   "source": [
    "Найдем собственные числа"
   ]
  },
  {
   "cell_type": "code",
   "execution_count": 113,
   "metadata": {},
   "outputs": [
    {
     "name": "stdout",
     "output_type": "stream",
     "text": [
      "Собственные числа равны:\n",
      "[1.76842639 4.47572925 4.58953636]\n",
      "Собственные вектора равны:\n",
      "[[-0.60965357 -0.79016855 -0.06289822]\n",
      " [-0.32305194  0.17521987  0.93001905]\n",
      " [ 0.72385079 -0.58730883  0.3620889 ]]\n"
     ]
    }
   ],
   "source": [
    "evalue, evect = np.linalg.eig(matrix)\n",
    "\n",
    "print (\"Собственные числа равны:\", evalue, sep='\\n')\n",
    "print (\"Собственные вектора равны:\", evect, sep='\\n')"
   ]
  },
  {
   "cell_type": "code",
   "execution_count": 114,
   "metadata": {},
   "outputs": [
    {
     "data": {
      "text/plain": [
       "array([[-0.60965357, -0.79016855, -0.06289822],\n",
       "       [-0.32305194,  0.17521987,  0.93001905],\n",
       "       [ 0.72385079, -0.58730883,  0.3620889 ]])"
      ]
     },
     "execution_count": 114,
     "metadata": {},
     "output_type": "execute_result"
    }
   ],
   "source": [
    "m = evect\n",
    "m"
   ]
  },
  {
   "cell_type": "markdown",
   "metadata": {},
   "source": [
    "Далее выполняем сортировку векторов по собственным числам от большего к меньшему и переставляем собственные вектора в порядке убывания собственных значений и составляем матрицу перехода"
   ]
  },
  {
   "cell_type": "code",
   "execution_count": 117,
   "metadata": {},
   "outputs": [
    {
     "name": "stdout",
     "output_type": "stream",
     "text": [
      "m1:\n",
      "[-0.60965357 -0.32305194  0.72385079]\n",
      "m2:\n",
      "[-0.79016855  0.17521987 -0.58730883]\n",
      "m3:\n",
      "[-0.06289822  0.93001905  0.3620889 ]\n"
     ]
    },
    {
     "data": {
      "text/plain": [
       "array([[-0.06289822, -0.79016855, -0.60965357],\n",
       "       [ 0.93001905,  0.17521987, -0.32305194],\n",
       "       [ 0.3620889 , -0.58730883,  0.72385079]])"
      ]
     },
     "execution_count": 117,
     "metadata": {},
     "output_type": "execute_result"
    }
   ],
   "source": [
    "m1 = evect [:,0] #срез по столбцам\n",
    "m2 = evect [:,1]\n",
    "m3 = evect [:,2]\n",
    "\n",
    "T = np.column_stack([m3,m2,m1])\n",
    "T"
   ]
  },
  {
   "cell_type": "markdown",
   "metadata": {},
   "source": [
    "Находим обратную матрицу перехода"
   ]
  },
  {
   "cell_type": "code",
   "execution_count": 118,
   "metadata": {},
   "outputs": [
    {
     "data": {
      "text/plain": [
       "array([[-0.06289822,  0.93001905,  0.3620889 ],\n",
       "       [-0.79016855,  0.17521987, -0.58730883],\n",
       "       [-0.60965357, -0.32305194,  0.72385079]])"
      ]
     },
     "execution_count": 118,
     "metadata": {},
     "output_type": "execute_result"
    }
   ],
   "source": [
    "T1 = np.linalg.inv (T)\n",
    "T1"
   ]
  },
  {
   "cell_type": "markdown",
   "metadata": {},
   "source": [
    "Вычисляем координаты всех выборочных точек в пространстве Y1,Y2,Y3"
   ]
  },
  {
   "cell_type": "code",
   "execution_count": 140,
   "metadata": {},
   "outputs": [
    {
     "data": {
      "text/latex": [
       "$\\displaystyle \\left[\\begin{array}{ccccccccccccccccccccccccc}-0.748969752530077 & -2.10643122801401 & 2.51397165689197 & -3.23320993287424 & 0.547817497385415 & 0.039814818510182 & 3.45528593905516 & -2.69143464437249 & 1.56590020804404 & 2.50997339608159 & 0.775922874064865 & -0.871931529427167 & 1.86999737926127 & -0.642311864182225 & 2.74470757690304 & 1.42653988153437 & -3.25632627777409 & 2.76297946060492 & -3.92103330805905 & 1.06372499776314 & -2.05421915943328 & -2.0783561149894 & -2.47835473089871 & 0.039683647074686 & 0.680471979520777\\\\-1.93825116243439 & 0.17782744219666 & -0.779149230322905 & 0.694498232831203 & -1.48299183571845 & -1.48201634293898 & 0.657469401141119 & -2.49388843284044 & 2.13557636616881 & 1.42198418897026 & 4.09942605264977 & 0.044525650542797 & -2.1097611979342 & -0.828510794034019 & -0.561498294201078 & 1.17038792718895 & 0.738901544745084 & 1.00428501535994 & 2.7948935728157 & -3.40798974591447 & 4.55604221229846 & -0.0587409393200502 & -4.20404189203618 & -1.56997599458616 & 1.96856351358302\\\\-0.576304382350848 & 1.70912986120107 & -0.397709674550492 & -0.140091878985488 & -0.496418376725512 & -0.379660821640525 & -0.158849192414907 & -0.00019903808182048 & 0.465907847872123 & 0.506057820096923 & 0.216447989963491 & 2.03338458596364 & -0.837447006829234 & 0.270749576730742 & -1.44173505988455 & 0.222207259742484 & -0.244466111866739 & 0.234000231194 & -2.25014837593546 & 0.501891443317842 & 0.179061455293348 & -1.74338330878036 & 2.71922591886677 & -2.31598803636333 & 3.3981635596417\\end{array}\\right]$"
      ],
      "text/plain": [
       "Matrix([\n",
       "[-0.748969752530077, -2.10643122801401,   2.51397165689197,  -3.23320993287424,  0.547817497385415,  0.039814818510182,   3.45528593905516,    -2.69143464437249,  1.56590020804404,  2.50997339608159, 0.775922874064865, -0.871931529427167,   1.86999737926127, -0.642311864182225,   2.74470757690304,  1.42653988153437,  -3.25632627777409, 2.76297946060492, -3.92103330805905,  1.06372499776314, -2.05421915943328,    -2.0783561149894, -2.47835473089871, 0.039683647074686, 0.680471979520777],\n",
       "[ -1.93825116243439,  0.17782744219666, -0.779149230322905,  0.694498232831203,  -1.48299183571845,  -1.48201634293898,  0.657469401141119,    -2.49388843284044,  2.13557636616881,  1.42198418897026,  4.09942605264977,  0.044525650542797,   -2.1097611979342, -0.828510794034019, -0.561498294201078,  1.17038792718895,  0.738901544745084, 1.00428501535994,   2.7948935728157, -3.40798974591447,  4.55604221229846, -0.0587409393200502, -4.20404189203618, -1.56997599458616,  1.96856351358302],\n",
       "[-0.576304382350848,  1.70912986120107, -0.397709674550492, -0.140091878985488, -0.496418376725512, -0.379660821640525, -0.158849192414907, -0.00019903808182048, 0.465907847872123, 0.506057820096923, 0.216447989963491,   2.03338458596364, -0.837447006829234,  0.270749576730742,  -1.44173505988455, 0.222207259742484, -0.244466111866739,   0.234000231194, -2.25014837593546, 0.501891443317842, 0.179061455293348,   -1.74338330878036,  2.71922591886677, -2.31598803636333,   3.3981635596417]])"
      ]
     },
     "execution_count": 140,
     "metadata": {},
     "output_type": "execute_result"
    }
   ],
   "source": [
    "Y = T1*Matrix \n",
    "Y"
   ]
  }
 ],
 "metadata": {
  "kernelspec": {
   "display_name": "Python 3",
   "language": "python",
   "name": "python3"
  },
  "language_info": {
   "codemirror_mode": {
    "name": "ipython",
    "version": 3
   },
   "file_extension": ".py",
   "mimetype": "text/x-python",
   "name": "python",
   "nbconvert_exporter": "python",
   "pygments_lexer": "ipython3",
   "version": "3.11.5"
  }
 },
 "nbformat": 4,
 "nbformat_minor": 2
}
